log_radon	floor	county
0.78845736036427	1	1
0.78845736036427	0	1
1.06471073699243	0	1
0	0	1
1.1314021114911	0	2
0.916290731874155	0	2
0.405465108108164	0	2
0	0	2
-0.356674943938732	0	2
0.182321556793955	0	2
0.182321556793955	0	2
0.262364264467491	0	2
0.336472236621213	0	2
-0.916290731874155	0	2
0.0953101798043249	0	2
1.50407739677627	0	2
0.262364264467491	0	2
0.741937344729377	0	2
1.77495235091167	0	2
1.19392246847243	0	2
0.587786664902119	0	2
1.68639895357023	0	2
1.84054963339749	0	2
0.641853886172395	0	2
1.88706964903238	0	2
1.1314021114911	0	2
1.91692261218206	0	2
1.94591014905531	0	2
2.04122032885964	0	2
1.64865862558738	0	2
1.50407739677627	0	2
1.48160454092422	0	2
1.02961941718116	0	2
2.09186406167839	0	2
0.470003629245736	0	2
1.43508452528932	0	2
1.68639895357023	0	2
1.38629436111989	0	2
0.832909122935104	0	2
1.06471073699243	0	2
0.336472236621213	0	2
1.19392246847243	0	2
1.06471073699243	0	2
0.587786664902119	1	2
-1.6094379124341	1	2
0.8754687373539	0	2
0.0953101798043249	1	2
0.78845736036427	0	2
-0.510825623765991	0	2
0.53062825106217	0	2
1.06471073699243	0	2
0.78845736036427	0	2
0.53062825106217	0	2
0.336472236621213	0	2
0.641853886172395	0	2
0.587786664902119	0	2
0.182321556793955	1	3
1.45861502269952	0	3
1.50407739677627	1	3
1.84054963339749	0	4
1.52605630349505	0	4
1.7404661748405	0	4
0.78845736036427	1	4
-0.916290731874155	1	4
1.52605630349505	1	4
1.48160454092422	1	4
1.88706964903238	0	5
0.993251773010283	0	5
1.06471073699243	1	5
1.06471073699243	0	5
1.97408102602201	0	6
1.6094379124341	0	6
0.955511445027436	0	6
1.6094379124341	0	7
2.56494935746154	0	7
1.97408102602201	0	7
1.91692261218206	0	7
2.54944517092557	0	7
1.75785791755237	1	7
2.2512917986065	0	7
1.79175946922805	0	7
1.33500106673234	0	7
2.66025953726586	1	7
0.587786664902119	0	7
1.93152141160321	0	7
1.54756250871601	0	7
2.2512917986065	0	7
0.916290731874155	1	8
1.90210752639692	0	8
1.38629436111989	1	8
2.31253542384721	0	8
0.78845736036427	0	9
0.587786664902119	0	9
1.22377543162212	0	9
1.7227665977411	1	9
1.45861502269952	0	9
1.3609765531356	0	9
0.262364264467491	0	9
1.43508452528932	0	9
-0.22314355131421	0	9
0.693147180559945	0	9
0.470003629245736	0	10
2.55722731136763	0	10
2.68784749378469	1	10
1.54756250871601	1	10
2.26176309847379	0	10
-2.30258509299405	1	10
1.30833281965018	0	11
2.00148000021012	0	11
0.641853886172395	0	11
1.66770682055808	0	11
1.38629436111989	0	11
2.04122032885964	0	12
0.336472236621213	0	12
2.30258509299405	0	12
2.24070968927596	0	12
-0.22314355131421	0	13
1.48160454092422	0	13
1.6094379124341	0	13
0.741937344729377	0	13
0.53062825106217	0	13
2.09186406167839	0	13
-0.105360515657826	1	14
2.55722731136763	0	14
0.955511445027436	0	14
1.25276296849537	1	14
3.28091121578765	0	14
0.405465108108164	0	14
2.56494935746154	0	14
2.17475172148416	0	14
2.9704144655697	0	14
0.916290731874155	1	14
2.19722457733622	0	14
2.57261223020711	0	14
1.28093384546206	0	14
1.93152141160321	1	14
1.56861591791385	1	15
1.22377543162212	0	15
-0.105360515657826	1	15
1.22377543162212	0	15
0.993251773010283	0	16
0.336472236621213	0	16
1.91692261218206	0	17
2.40694510831829	1	17
-2.30258509299405	1	17
0.916290731874155	1	17
0.587786664902119	0	18
0.470003629245736	0	18
0	1	18
-0.105360515657826	0	18
1.06471073699243	0	18
1.48160454092422	0	18
0.405465108108164	0	18
1.41098697371026	0	18
0.916290731874155	1	18
1.90210752639692	1	18
1.45861502269952	0	18
1.70474809223843	0	18
1.28093384546206	0	19
1.02961941718116	0	19
2.68102152871429	0	19
1.90210752639692	0	19
2.07944154167984	0	19
0.955511445027436	0	19
1.02961941718116	1	19
1.48160454092422	0	19
0.53062825106217	1	19
0.693147180559945	0	19
0.693147180559945	0	19
0.405465108108164	0	19
2.26176309847379	0	19
2.09186406167839	0	19
1.25276296849537	0	19
-0.22314355131421	1	19
1.62924053973028	0	19
1.16315080980568	0	19
2.37954613413017	0	19
2.10413415427021	0	19
1.84054963339749	0	19
1.56861591791385	0	19
1.79175946922805	0	19
0.0953101798043249	0	19
2.16332302566054	0	19
2.17475172148416	0	19
1.91692261218206	0	19
0.832909122935104	0	19
0.470003629245736	0	19
1.02961941718116	0	19
1.87180217690159	0	19
0.53062825106217	0	19
1.52605630349505	0	19
1.19392246847243	0	19
1.48160454092422	0	19
3.05400118167797	0	19
2.2082744135228	0	19
-0.105360515657826	0	19
1.58923520511658	0	19
1.6094379124341	0	19
0.0953101798043249	0	19
2.02814824729229	0	19
1.68639895357023	0	19
1.28093384546206	0	19
1.58923520511658	0	19
1.54756250871601	0	19
0.336472236621213	0	19
1.22377543162212	0	19
1.43508452528932	0	19
0.916290731874155	0	19
0.336472236621213	0	19
0.336472236621213	0	19
0.641853886172395	0	19
1.56861591791385	0	19
0.336472236621213	1	19
1.33500106673234	0	19
2.17475172148416	0	19
1.45861502269952	0	19
1.48160454092422	0	19
1.50407739677627	0	19
0.78845736036427	0	19
-0.693147180559945	0	19
1.75785791755237	0	19
1.68639895357023	0	20
1.97408102602201	0	20
1.7404661748405	0	20
2.00148000021012	0	21
1.56861591791385	0	21
1.91692261218206	0	21
1.85629799036563	0	21
1.30833281965018	1	21
1.70474809223843	0	21
2.05412373369555	0	21
1.48160454092422	0	21
0.993251773010283	0	21
1.22377543162212	0	22
1.43508452528932	0	22
0.832909122935104	0	22
0.262364264467491	1	22
1.64865862558738	0	22
-2.30258509299405	0	22
0.916290731874155	1	23
1.16315080980568	0	23
1.16315080980568	0	24
2.26176309847379	0	24
1.43508452528932	0	24
2.19722457733622	0	24
1.84054963339749	0	24
3.48431228837266	0	24
2.58021682959233	0	24
0.78845736036427	1	24
1.7227665977411	1	24
2.66025953726586	0	25
1.93152141160321	1	25
2.02814824729229	0	25
2.28238238567653	1	25
0.955511445027436	0	25
3.77276093809464	0	25
1.58923520511658	0	25
1.58923520511658	0	25
1.25276296849537	0	25
1.56861591791385	0	25
1.7227665977411	0	25
1.25276296849537	0	25
1.3609765531356	0	25
1.90210752639692	0	25
2.06686275947298	0	26
1.19392246847243	0	26
0.741937344729377	1	26
0.470003629245736	0	26
1.38629436111989	0	26
0.587786664902119	0	26
0.916290731874155	0	26
2.41591377830105	0	26
0.955511445027436	0	26
1.3609765531356	0	26
2.00148000021012	0	26
0.262364264467491	0	26
-0.105360515657826	0	26
-0.916290731874155	0	26
0.916290731874155	1	26
1.79175946922805	0	26
0.693147180559945	0	26
1.68639895357023	0	26
1.09861228866811	0	26
1.06471073699243	0	26
1.70474809223843	0	26
1.41098697371026	0	26
1.3609765531356	0	26
2.70136121295141	0	26
1.97408102602201	0	26
0.832909122935104	0	26
1.02961941718116	1	26
1.48160454092422	0	26
0.405465108108164	0	26
2.15176220325946	0	26
1.7227665977411	0	26
2.15176220325946	0	26
1.33500106673234	0	26
0.587786664902119	0	26
0.641853886172395	0	26
1.70474809223843	0	26
0.916290731874155	0	26
-0.22314355131421	1	26
0.741937344729377	0	26
1.02961941718116	0	26
1.3609765531356	0	26
1.45861502269952	0	26
1.54756250871601	0	26
1.02961941718116	0	26
1.41098697371026	0	26
0.470003629245736	0	26
1.45861502269952	0	26
-0.356674943938732	1	26
1.70474809223843	0	26
1.19392246847243	1	26
1.70474809223843	0	26
0.916290731874155	0	26
0.993251773010283	0	26
2.12823170584927	0	26
1.19392246847243	0	26
1.16315080980568	0	26
2.15176220325946	0	26
0.53062825106217	0	26
1.7404661748405	0	26
2.56494935746154	0	26
0.993251773010283	0	26
1.54756250871601	0	26
1.7227665977411	0	26
2.62466859216316	0	26
2.02814824729229	1	26
1.7404661748405	0	26
1.52605630349505	0	26
2.02814824729229	0	26
0.955511445027436	0	26
1.50407739677627	0	26
1.77495235091167	0	26
0.78845736036427	0	26
0.8754687373539	0	26
1.38629436111989	0	26
1.52605630349505	0	26
1.52605630349505	0	26
2.3887627892351	0	26
2.02814824729229	0	26
1.09861228866811	0	26
0.405465108108164	0	26
0.470003629245736	1	26
2.80336038090653	0	26
1.1314021114911	0	26
1.62924053973028	0	26
1.58923520511658	0	26
1.79175946922805	0	26
-0.105360515657826	1	26
0.587786664902119	0	26
1.3609765531356	0	26
1.7227665977411	0	26
-0.916290731874155	1	26
0.955511445027436	0	26
1.28093384546206	0	26
1.82454929205105	0	26
3.16124671203156	0	26
1.3609765531356	0	26
1.06471073699243	0	26
1.09861228866811	0	26
1.54756250871601	0	26
1.09861228866811	0	26
1.43508452528932	0	26
1.33500106673234	0	26
1.09861228866811	0	26
1.45861502269952	0	26
1.06471073699243	1	26
1.22377543162212	0	27
2.14006616349627	0	27
2.19722457733622	0	27
1.56861591791385	1	27
1.28093384546206	0	27
0.78845736036427	1	27
1.02961941718116	1	28
-0.22314355131421	1	28
0.405465108108164	0	28
1.52605630349505	0	28
1.30833281965018	1	28
1.28093384546206	0	29
1.09861228866811	0	29
0.78845736036427	0	29
0.641853886172395	0	30
0.955511445027436	0	30
0.587786664902119	0	30
0.8754687373539	0	30
1.45861502269952	0	30
0.955511445027436	0	30
0.0953101798043249	0	30
1.19392246847243	0	30
0.916290731874155	0	30
2.24070968927596	0	30
0.262364264467491	0	30
2.12823170584927	0	31
1.6094379124341	0	31
1.06471073699243	0	31
2.57261223020711	0	31
2.72785282839839	0	31
0.587786664902119	0	32
1.33500106673234	0	32
2.06686275947298	0	32
0.955511445027436	0	32
2.42480272571829	0	33
1.41098697371026	0	33
2.50959926237837	0	33
1.90210752639692	0	33
1.93152141160321	0	34
1.50407739677627	1	34
-0.105360515657826	1	34
0.53062825106217	0	35
0.336472236621213	0	35
0.693147180559945	1	35
0	1	35
0	0	35
1.02961941718116	1	35
0.262364264467491	1	35
2.42480272571829	1	36
2.77258872223978	0	36
0.262364264467491	1	37
0.262364264467491	0	37
0.470003629245736	0	37
-0.105360515657826	0	37
1.02961941718116	0	37
-0.693147180559945	0	37
0.405465108108164	0	37
1.96009478404727	0	37
-0.693147180559945	0	37
2.31253542384721	0	38
1.45861502269952	1	38
1.19392246847243	0	38
1.06471073699243	1	38
2.52572864430826	0	39
1.43508452528932	1	39
1.50407739677627	0	39
1.3609765531356	0	39
1.19392246847243	0	39
2.86220088092947	0	40
2.36085400111802	0	40
2.06686275947298	0	40
1.25276296849537	1	40
1.87180217690159	0	41
1.93152141160321	1	41
1.62924053973028	0	41
2.484906649788	0	41
1.62924053973028	0	41
2.18605127673809	0	41
1.75785791755237	0	41
1.52605630349505	0	41
1.3609765531356	0	42
0.405465108108164	1	43
3.16968558067743	0	43
-0.105360515657826	1	43
0.336472236621213	1	43
0.0953101798043249	1	43
1.02961941718116	0	43
3.87535902105655	0	43
-0.105360515657826	1	43
2.11625551480255	0	43
1.41098697371026	0	44
-0.693147180559945	1	44
1.90210752639692	0	44
2.01490302054226	0	44
2.21920348405499	0	44
-0.693147180559945	0	44
0.405465108108164	0	44
2.33214389523559	0	45
1.3609765531356	0	45
0.587786664902119	0	45
2.29253475714054	0	45
0.832909122935104	0	45
1.48160454092422	0	45
1.02961941718116	0	45
0.0953101798043249	1	45
0.182321556793955	0	45
0.470003629245736	1	45
3.23474917402449	1	45
-2.30258509299405	1	45
2.36085400111802	0	45
0.832909122935104	0	46
1.3609765531356	0	46
1.97408102602201	0	46
0.741937344729377	0	46
1.16315080980568	0	46
-0.693147180559945	1	47
1.7404661748405	0	47
0.336472236621213	0	48
0.741937344729377	0	48
1.48160454092422	0	48
0.8754687373539	0	48
1.58923520511658	0	48
1.09861228866811	1	48
1.09861228866811	0	48
1.02961941718116	0	48
1.3609765531356	0	48
2.3887627892351	0	49
1.85629799036563	0	49
0.693147180559945	0	49
1.09861228866811	0	49
1.50407739677627	0	49
0.741937344729377	0	49
2.07944154167984	0	49
0.262364264467491	1	49
2.21920348405499	0	49
0.0953101798043249	1	49
2.36085400111802	0	49
3.17805383034795	0	49
2.2082744135228	0	49
2.4932054526027	0	50
2.09186406167839	0	51
2.37954613413017	0	51
1.43508452528932	0	51
2.75366071235426	0	51
1.68639895357023	0	52
1.82454929205105	0	52
2.27212588550934	0	52
2.09186406167839	0	53
0.470003629245736	0	53
0.470003629245736	1	53
1.85629799036563	0	54
1.48160454092422	0	54
2.41591377830105	0	54
2.30258509299405	0	54
1.50407739677627	0	54
2.07944154167984	0	54
0.832909122935104	0	54
1.16315080980568	0	54
1.6094379124341	0	54
1.41098697371026	0	54
0.0953101798043249	0	54
0.693147180559945	0	54
0.0953101798043249	1	54
1.06471073699243	0	54
0.741937344729377	0	54
2.05412373369555	0	54
1.33500106673234	0	54
0.916290731874155	0	54
1.06471073699243	0	54
0.53062825106217	1	54
0.916290731874155	0	54
2.24070968927596	0	54
-0.510825623765991	1	54
0.993251773010283	0	55
0.0953101798043249	1	55
0.741937344729377	1	55
2.484906649788	0	55
2.53369681395743	1	55
1.16315080980568	0	55
1.43508452528932	0	55
1.33500106673234	0	55
1.30833281965018	1	56
1.75785791755237	0	56
-1.20397280432594	1	56
1.41098697371026	0	57
1.02961941718116	0	57
0.641853886172395	0	57
0.182321556793955	1	57
0.182321556793955	0	57
0.405465108108164	0	57
2.24070968927596	0	58
0.53062825106217	0	58
2.4932054526027	0	58
1.45861502269952	1	58
1.93152141160321	0	59
0.336472236621213	1	59
0.916290731874155	1	59
2.26176309847379	0	59
1.33500106673234	0	60
1.22377543162212	0	60
1.91692261218206	0	61
1.28093384546206	0	61
0.78845736036427	0	61
0.955511445027436	0	61
0.741937344729377	0	61
1.94591014905531	0	61
0.182321556793955	0	61
1.33500106673234	0	61
1.25276296849537	0	61
1.43508452528932	0	61
0.470003629245736	1	61
1.02961941718116	1	61
2.15176220325946	0	61
1.82454929205105	0	61
1.64865862558738	0	61
0.993251773010283	0	61
0.182321556793955	0	61
1.25276296849537	0	61
1.70474809223843	0	61
2.31253542384721	1	61
1.70474809223843	0	61
0.182321556793955	0	61
1.58923520511658	0	61
1.38629436111989	0	61
1.25276296849537	0	61
0.916290731874155	0	61
0.182321556793955	0	61
0.993251773010283	0	61
0.53062825106217	0	61
1.1314021114911	0	61
-0.356674943938732	0	61
0	0	61
0.641853886172395	0	62
1.33500106673234	0	62
2.18605127673809	0	62
2.00148000021012	0	62
3.03013370027132	1	62
1.79175946922805	0	63
0.741937344729377	0	63
1.75785791755237	1	63
2.27212588550934	0	64
1.85629799036563	0	64
1.52605630349505	0	64
1.7227665977411	0	64
2.94443897916644	0	64
0.8754687373539	1	64
1.09861228866811	0	64
1.62924053973028	0	64
2.04122032885964	0	64
2.09186406167839	0	64
1.54756250871601	0	64
2.12823170584927	0	65
0.470003629245736	0	65
1.79175946922805	1	66
0.0953101798043249	1	66
2.43361335540045	0	66
1.45861502269952	1	66
1.28093384546206	1	66
2.33214389523559	0	66
1.22377543162212	1	66
1.1314021114911	0	66
1.28093384546206	0	66
0.993251773010283	0	66
1.38629436111989	0	66
0.182321556793955	1	66
0.53062825106217	1	66
1.43508452528932	1	66
2.96010509591084	1	67
2.2082744135228	1	67
0.693147180559945	0	67
2.43361335540045	0	67
2.32238772029023	0	67
0.741937344729377	1	67
0.182321556793955	0	67
1.16315080980568	0	67
0.693147180559945	1	67
1.45861502269952	0	67
0.78845736036427	0	67
1.68639895357023	0	67
3.22684399451738	0	67
1.62924053973028	0	68
0.832909122935104	0	68
1.16315080980568	0	68
0.916290731874155	0	68
1.02961941718116	0	68
1.1314021114911	0	68
0.470003629245736	0	68
1.54756250871601	0	68
1.38629436111989	0	69
1.6094379124341	0	69
0.405465108108164	0	69
1.56861591791385	0	69
-0.22314355131421	0	70
-0.693147180559945	1	70
0.8754687373539	0	70
0.832909122935104	0	70
1.52605630349505	0	70
2.39789527279837	0	70
2.70136121295141	0	70
2.15176220325946	0	70
1.50407739677627	0	70
0.405465108108164	0	70
1.3609765531356	0	70
0.587786664902119	0	70
0.470003629245736	0	70
-0.693147180559945	0	70
-0.916290731874155	1	70
-0.693147180559945	1	70
2.16332302566054	0	70
0.470003629245736	1	70
0.336472236621213	0	70
2.16332302566054	0	70
2.40694510831829	0	70
0.405465108108164	0	70
0.0953101798043249	0	70
-0.105360515657826	1	70
-0.356674943938732	0	70
1.43508452528932	0	70
1.22377543162212	0	70
0.741937344729377	1	70
1.06471073699243	0	70
0.587786664902119	0	70
0.587786664902119	0	70
0.8754687373539	0	70
0.53062825106217	0	70
-0.22314355131421	1	70
2.45958884180371	0	70
0.587786664902119	0	70
1.02961941718116	0	70
1.25276296849537	1	70
1.28093384546206	0	70
1.25276296849537	0	70
1.09861228866811	0	70
1.16315080980568	1	70
1.1314021114911	0	70
1.19392246847243	0	70
0.53062825106217	1	70
1.7227665977411	0	70
1.22377543162212	0	70
0.405465108108164	0	70
3.47196645255036	0	70
0.0953101798043249	0	70
0.741937344729377	0	70
-0.22314355131421	0	70
0.405465108108164	0	70
0.262364264467491	0	70
1.1314021114911	0	70
1.97408102602201	0	70
0.336472236621213	0	70
0.262364264467491	0	70
0.405465108108164	0	70
1.6094379124341	0	70
0.832909122935104	0	70
0.8754687373539	0	70
0.182321556793955	0	70
1.68639895357023	0	70
0.0953101798043249	0	70
0.336472236621213	0	70
1.97408102602201	1	70
0.0953101798043249	0	70
1.19392246847243	0	70
1.16315080980568	0	70
0.405465108108164	0	70
1.28093384546206	0	70
-0.22314355131421	0	70
0.470003629245736	0	70
0.336472236621213	0	70
0.993251773010283	0	70
1.19392246847243	0	70
-0.105360515657826	0	70
-0.510825623765991	0	70
0.693147180559945	0	70
0.641853886172395	0	70
-0.105360515657826	0	70
1.68639895357023	0	70
0.405465108108164	0	70
1.1314021114911	0	70
0.587786664902119	0	70
-0.105360515657826	1	70
1.19392246847243	0	70
0.53062825106217	0	70
1.1314021114911	0	70
-0.356674943938732	1	70
1.45861502269952	0	70
0.336472236621213	0	70
0.587786664902119	0	70
0.405465108108164	0	70
0.78845736036427	1	70
0.8754687373539	0	70
0.993251773010283	0	70
0.53062825106217	0	70
0.0953101798043249	1	70
0.587786664902119	1	70
-1.6094379124341	0	70
0.78845736036427	0	70
1.52605630349505	0	70
0.741937344729377	0	70
0.693147180559945	0	70
-0.356674943938732	0	70
1.85629799036563	0	70
1.09861228866811	0	70
0.693147180559945	0	70
-0.105360515657826	0	70
1.19392246847243	0	70
0.587786664902119	0	70
0.587786664902119	0	70
0.78845736036427	0	70
1.45861502269952	0	70
2.01490302054226	0	71
1.85629799036563	0	71
2.11625551480255	0	71
0.741937344729377	0	71
1.19392246847243	0	71
0.262364264467491	0	71
1.6094379124341	0	71
0	1	71
1.94591014905531	0	71
1.7404661748405	0	71
2.31253542384721	0	71
1.88706964903238	0	71
0.955511445027436	1	71
1.19392246847243	0	71
0.405465108108164	1	71
1.6094379124341	0	71
2.00148000021012	0	71
2.67414864942653	0	71
0.587786664902119	0	71
2.00148000021012	0	71
0.955511445027436	0	71
1.30833281965018	0	71
0.641853886172395	0	71
0.78845736036427	1	71
1.6094379124341	0	71
1.98787434815435	0	72
1.30833281965018	0	72
1.06471073699243	0	72
1.48160454092422	0	72
2.12823170584927	0	72
1.62924053973028	0	72
1.28093384546206	0	72
0.405465108108164	0	72
2.15176220325946	0	72
2.36085400111802	0	72
2.07944154167984	0	73
1.50407739677627	0	73
1.09861228866811	0	74
0.8754687373539	0	74
0.405465108108164	0	74
1.56861591791385	0	74
1.91692261218206	0	75
0.741937344729377	0	75
1.79175946922805	1	75
1.06471073699243	1	76
1.90210752639692	0	76
2.96010509591084	0	76
1.38629436111989	0	76
1.77495235091167	0	77
2.19722457733622	0	77
2.12823170584927	0	77
0.0953101798043249	1	77
1.1314021114911	0	77
2.4423470353692	0	77
2.26176309847379	0	77
1.06471073699243	0	78
-0.356674943938732	1	78
1.16315080980568	1	78
1.54756250871601	0	78
1.56861591791385	0	78
-0.916290731874155	0	79
2.23001440015921	0	79
0.53062825106217	0	79
-0.105360515657826	1	79
2.32238772029023	0	80
2.04122032885964	0	80
0.78845736036427	0	80
1.87180217690159	0	80
2.50143595173921	0	80
1.52605630349505	0	80
1.82454929205105	0	80
1.87180217690159	0	80
1.02961941718116	0	80
0.641853886172395	0	80
0.182321556793955	1	80
0.8754687373539	0	80
0	0	80
0.182321556793955	1	80
0.470003629245736	0	80
-0.22314355131421	0	80
0.53062825106217	0	80
1.54756250871601	0	80
0.53062825106217	1	80
1.19392246847243	0	80
-0.22314355131421	1	80
2.28238238567653	0	80
1.66770682055808	0	80
2.14006616349627	0	80
0.641853886172395	0	80
1.88706964903238	0	80
1.33500106673234	0	80
1.77495235091167	0	80
1.58923520511658	0	80
0.916290731874155	1	80
2.37024374146786	0	80
0.8754687373539	0	80
0.741937344729377	0	80
1.54756250871601	0	80
1.30833281965018	0	80
2.59525470695687	0	80
1.06471073699243	0	80
1.45861502269952	0	80
1.33500106673234	0	80
0.587786664902119	0	80
0.405465108108164	0	80
0.587786664902119	0	80
0.262364264467491	0	80
1.88706964903238	0	80
3.01553490085017	0	80
1.79175946922805	0	80
2.62466859216316	0	81
2.32238772029023	1	81
1.7404661748405	1	81
2.23001440015921	0	82
1.22377543162212	0	83
1.41098697371026	0	83
2.45100509811232	0	83
1.97408102602201	0	83
1.54756250871601	0	83
0.587786664902119	1	83
-0.356674943938732	1	83
1.54756250871601	0	83
2.32238772029023	0	83
2.42480272571829	0	83
2.02814824729229	0	83
2.46809953147162	0	83
-0.693147180559945	1	83
1.90210752639692	0	84
1.66770682055808	0	84
1.1314021114911	0	84
0.741937344729377	0	84
1.98787434815435	0	84
1.62924053973028	0	84
0.78845736036427	0	84
0.832909122935104	1	84
2.76631910922619	0	84
2.2512917986065	0	84
1.85629799036563	0	84
1.50407739677627	0	84
1.6094379124341	0	84
1.30833281965018	0	85
1.06471073699243	0	85