X
5.529
1.598
1.348
3.359
6.075
2.325
102.97
5.283
2.732
2.136
1.87
6.329
2.427
0.71
2.171
6.583
1.176
1.149
3.165
3.167
4.395
12.256
6.205
4.06
6.152
1.77
1.967
1.354
1.632
4.343
0.839
2.394
2.375
2.833
2.343
1.718
2.346
17.741
34.807
2.901
4.24
0.927
1.742
2.273
13.936
1.445
2.749
137.5
3.054
4.085
0.946
10.485
3.955
3.296
1.868
1.68
2.287
5.212
15.037
2.974
4.981
3.742
4.254
5.083
11.657
0.804
7.418
1.416
1.22
3.585
0.852
16.421
4.288
6.177
0.485
3.845
3.415
1.087
1.066
5.508
1.749
5.432
3.39
2.118
25.701
11.603
1.944
0.638
1.683
2.172
5.721
429.893
1.936
7.378
3.829
5.426
1.058
2.176
1.405
1.871
2.997
4.932
0.891
0.984
1.765
4.841
12.002
3.379
12.715
2.094
1.74
1.927
1.133
10.672
1.847
3.37
3.655
3.072
0.338
170.604
20.112
1.272
1.627
3.059
19.373
121.179
1.474
3.496
9.325
2.149
6.385
1.095
3.924
13.886
120.368
0.789
2.359
1.26
2.509
3.323
0.843
1.647
26.606
3.547
2.557
7.067
6.698
0.661
5.808
11.412
1.113
8.091
1.6
1.691
4.907
0.911
4.9
16.815
5.525
2.438
2.424
7.47
3.51
0.811
3.703
9.768
1.839
26.603
6.975
3.604
7.005
0.789
13.198
10.172
21.175
0.975
0.799
1.011
2.179
2.333
3.473
0.952
1.248
9.583
2.634
9.378
0.408
3.362
28.371
3.697
1.266
6.031
2.061
4.964
0.567
4.418
0.582
6.787
2.671
0.95
3.272
0.739
4.699
510.028
7.629
3.6
0.879
5.604
4.834
0.664
8.59
3.047
2.343
8.403
2.253
2.733
1.172
1.762
11.92
1.192
2.288
181.389
1.388
23.033
23.495
0.836
2.602
2.904
1.725
0.656
1.408
0.852
1.394
9.37
18.025
0.637
1.67
101.995
3.241
4.274
0.385
2.763
170.356
2.04
0.857
2.589
53.054
1.863
8.909
8.905
1.275
2.459
5.977
2.246
1.208
60.522
4.655
13.841
0.544
1.514
2.903
0.742
286.077
1.387
2.035
1.297
0.889
1.371
1.664
4.396
1.577
1.97
0.39
1.988
3.187
1.099
3.883
1.63
4.359
0.549
16.773
0.485
0.969
7.933
0.649
5.864
68.071
14.564
5.843
47.197
2.369
14.71
1.936
27.463
1.05
32.339
10.925
11.964
0.958
3.871
0.487
6.119
0.411
0.811
1.343
14.994
1.977
3.245
3.537
1.343
3.582
4.83
1.653
2.297
2.526
28.553
3.76
37.64
3.408
2.89
0.354
2.732
26.557
1.236
0.677
2.223
2.025
12.975
0.552
24.033
5.204
19.866
4.013
9.601
1.831
1.903
2.123
7.11
2.008
1.411
31.076
20.726
1.899
4.399
1.544
1.266
1.835
1.79
15.968
10.223
5.831
48.188
2.322
1.422
0.934
1.666
1.037
0.839
3.953
1.98
3.498
1.209
5.125
1.303
1.562
6.695
3.447
1.828
3.275
5.475
21.746
3.68
1.372
6.847
7.958
1.244
10.114
2.611
8.04
1.391
1.817
42.186
4.775
7.763
5.356
1.259
2.654
9.434
5.089
0.391
0.821
1.889
34.939
2.813
1.528
1.96
1.284
2.313
1.313
11.938
2.549
1.57
28.791
1.728
21.136
0.638
5.771
2.755
2.465
0.603
0.625
1.818
36.812
4.151
2.005
4.073
1.266
1.11
1.967
13.612
2.965
1.647
39.194
9.834
1.77
70.675
157.114
2.235
4.743
2.217
1.473
0.802
1.5
1.534
2.175
1.185
42.299
0.879
4.258
2.448
2.328
2.022
14.164
1.573
0.515
23.405
13.734
1.558
3.09
0.903
0.844
11.276
2.245
4.844
34.202
1.423
0.462
0.537
5.825
25.495
2.629
2.04
3.274
13.151
4.679
1.373
7.83
0.997
1.112
4.082
1.396
5.716
1.903
1.56
1848.122
0.624
4.574
0.615
7.295
1.361
0.83
4.617
6.428
5.148
0.676
1.635
2.512
1.603
9.52
0.984
4.076
168.704
19.508
1.329
0.213
102.075
16.031
23.822
2.277
6.782
1.293
2.137
12.446
0.971
17.825
2.857
2.344
1.687
23.038
3.037
9.169
13.024
24.754
1.677
1.853
3.853
2.445
28.769
2.168
2.708
4.144
2.211
264.901
0.864
1.323
1.768
1.046
1.59
8.018
3.085
0.591
114.089
4.128
0.706
4.834
2.058
1.001
3.489
6.275
5.015
1.432
3.103
3.223
6.007
1.957
8.85
4.298
0.613
3.31
13.459
3.531
1.151
2.974
7.182
0.906
9.901
1.119
3.189
2.1
1.437
4.6
0.609
7.289
3.122
15.077
3.065
0.597
1.031
8.747
2.82
2.449
1.748
1.591
57.622
2.389
16.221
4.612
13.102
12.528
44.772
5.561
9.241
6.443
3.983
6.021
5.98
0.626
3.024
8.607
1.414
2.613
2.403
2.199
0.95
3.11
2.479
4.873
3.339
0.557
0.581
5.638
5.782
48.917
15.199
2.634
4.268
2.555
1.333
2.048
0.883
4.93
1.212
2.69
60.413
0.579
1.061
1.655
33.358
20.924
1.099
104.917
6.976
3.246
28.272
15.73
2.132
4.75
4.6
1.789
1.164
2.625
1.499
1.932
42.607
2.584
5.284
1.835
482.217
4.792
1.227
0.862
34.189
35.208
4.203
0.491
1.343
9.027
15.037
2.533
1.987
1.546
0.932
0.927
41.188
9.415
1.109
1.27
4.736
7.454
9.509
1.104
125.008
1.352
3.783
3.762
60.273
4.773
3.729
3.047
7.454
0.891
0.324
41.087
2.874
1.796
2.001
9.16
2.08
7.659
2.439
11.799
0.777
2.734
2.626
1.503
34.461
20.042
2.461
0.858
1.269
1.534
2.758
1.846
7.812
2.694
14.405
473.13
1.32
4.069
12.087
35.511
1.616
6.274
0.476
15.527
0.727
6.45
370.083
2.895
1.279
3.848
4.243
4.958
1.138
18.728
4.198
0.638
5.267
1.228
0.556
3.355
9.679
13.255
0.882
4.867
5.841
1.636
68.837
1.565
0.752
3.052
5.482
1.421
1.847
3.488
16.629
6.867
1.28
1.45
3.094
7.613
4.166
2.896
3.879
7.152
3.217
18.542
36.775
22.613
7.1
1.427
2.097
1.571
4.773
1.776
7.096
0.919
7.861
3.741
11.12
2.375
4.255
3.391
81.203
7.132
3.293
1.144
19.841
1.265
4.643
30.471
1.335
1.344
12.47
10.573
1.914
1.506
0.971
164.782
11.117
18.861
3.002
0.922
0.679
1.807
24.09
37.146
11.563
1.086
2.305
1.427
1.263
5.283
2.773
1.779
0.869
3.293
1.89
2.13
1.71
2.108
3.406
0.47
12.1
24.601
3.351
1.519
203.895
2.085
5.468
5.389
2.398
1.239
58.838
0.726
2.765
1.324
1.634
10.632
1.997
0.805
1.228
13.299
86.062
1.519
5.096
0.797
6.179
2.283
23.424
1.715
33.159
2.913
1.899
4.594
1.442
1.36
1.229
48.868
2.827
7.004
2.679
3.761
3.72
98.431
4.965
1.4
0.478
1.316
2.544
2.144
9.622
8.286
0.827
40.668
3.127
3.87
2.213
4.634
14.52
5.068
65.881
5.633
10.186
0.645
5.045
4.723
0.875
11.661
4.103
0.862
3.845
2.713
1.374
0.51
1.987
4.182
1.8
1.695
6.988
7.24
6.057
0.873
3.024
3.426
6.788
19.639
2.006
2.361
6.432
4.86
3.427
1.906
1.225
1.181
0.798
0.797
11.942
2.088
0.714
18.292
1.334
1.519
1.221
60.535
0.916
6.144
28.438
4.957
13.132
1.411
5.068
5.627
2.564
14.426
5.484
18.007
7.057
3.061
2.874
2.531
0.522
3.199
2.324
1.082
0.94
2.5
0.621
148.028
2.056
2.079
0.673
2.348
0.482
0.571
1.849
10.138
2.567
0.475
1.103
6.64
6.592
7.101
1.914
1.917
9.068
2.172
6.278
3.685
1.981
0.792
0.929
17.09
2.521
332.585
1.978
1.443
1.908
1.87
4.44
0.458
7.403
2.283
2.384
2.734
2.499
2.864
1.884
2.528
2.211
3.043
4.23
1.406
2.957
3.847
0.49
3.063
1.399
2.21
10.498
1.785
2.75
0.541
1.702
4.477
1.732
1.265
1.619
42.831
0.818
2.6
0.704
3.233
1.04
4.39
1.503
5.409
1.89
0.365
1.638
